0,2,5,6,9,10,99
2,5,6,7,9,10,99
0,2,3,4,6,7,9,10,99
2,3,4,6,8,9,10,99
1,2,4,5,8,9,10,99
0,3,6,7,9,10,11,99
2,4,5,10,99
2,5,9,10,99
2,5,9,10,99
0,1,3,6,7,8,9,10,99
2,4,5,8,9,10,11,99
5,6,11,99
0,1,3,6,7,8,9,10,99
4,5,8,10,99
0,1,3,6,7,8,9,10,99
2,3,5,9,10,11,99
1,3,5,7,9,10,99
4,5,8,10,11,99
0,2,4,5,8,9,10,11,99
0,1,2,3,4,7,8,10,99
0,1,3,6,7,8,9,10,99
5,7,10,11,99
0,1,3,6,7,8,9,10,99
0,1,3,5,7,9,10,99
0,1,2,3,4,7,8,10,11,99
7,10,11,99
2,4,5,8,10,99
0,1,2,3,4,7,8,9,10,99
2,4,5,8,10,11,99
4,7,8,9,10,99
2,3,4,7,8,9,10,99
0,1,2,3,4,7,8,10,99
2,5,10,99
2,4,5,9,10,99
2,4,5,10,99
5,7,10,11,99
0,1,3,6,7,9,10,99
5,9,10,11,99
0,3,6,7,8,9,10,99
0,2,5,9,10,99
1,4,6,8,10,99
0,1,2,3,6,7,8,9,10,99
0,1,3,4,5,8,9,10,99
1,4,5,8,9,10,99
0,1,3,6,7,9,10,99
0,1,2,3,6,7,9,10,99
2,4,5,11,99
0,1,3,4,5,6,8,9,10,99
2,5,10,99
0,1,3,6,7,9,10,99
5,7,8,9,10,11,99
5,10,11,99
2,4,5,9,10,11,99
4,5,10,11,99
2,4,5,10,99
0,2,3,5,9,10,99
