7,0,0,0,0,1,0,0,0
8,0,0,0,0,1,0,0,0
8,0,0,0,0,0,0,0,0
7,0,0,0,0,0,1,1,0
10,0,0,0,0,0,0,0,0
5,0,1,0,0,0,1,1,0
10,1,1,0,0,0,1,0,0
11,0,0,0,0,0,0,0,0
5,0,0,0,0,0,0,0,0
1,0,0,0,0,0,0,0,0
11,0,0,0,0,0,0,0,0
7,10,10
7,10,10
6,5,5
5,10,10
4,7,7
3,8,9
1,7,7
2,8,9
3,8,9
4,7,7
5,10,10
6,5,5
0,0,0,2,0,0,0,0,0,1,0
0,0,2,0,0,0,0,0,0,0,0
0,2,0,0,0,0,0,0,0,0,0
2,0,0,0,0,0,0,0,0,1,0
0,0,0,0,0,1,2,0,1,1,0
0,0,0,0,0,0,0,1,2,1,1
1,0,0,1,2,0,0,0,0,0,0
0,0,0,0,0,1,0,0,1,0,2
0,0,0,0,0,2,0,1,0,0,1
1,0,0,1,0,0,0,0,0,0,0
0,0,0,0,0,1,0,2,1,0,0
1,0,0,0,0,0,2,0,0,0,0,0
0,1,0,0,0,0,0,2,0,0,0,0
0,1,0,0,0,0,0,2,0,0,0,0
1,0,0,0,0,0,2,0,0,0,0,0
1,0,0,1,1,0,0,0,0,2,0,0
1,0,0,0,2,0,0,0,1,0,1,0
0,0,0,1,0,0,1,0,0,2,0,1
0,0,0,0,1,0,0,0,0,0,2,0
0,0,0,0,2,0,0,0,0,0,1,0
2,0,0,0,0,0,1,0,0,0,0,0
0,0,0,0,1,0,0,0,0,0,2,0
